0 0.03125 0.77265625 0.0578125 0.09375
0 0.125 0.77734375 0.09140625 0.09609375
0 0.22734375 0.7796875 0.09375 0.09609375
0 0.32109375 0.80546875 0.12265625 0.09609375
0 0.08671875 0.66484375 0.0578125 0.053125
0 0.18125 0.6734375 0.0765625 0.08203125
0 0.26171875 0.6828125 0.0671875 0.08671875
0 0.353125 0.68359375 0.0796875 0.084375
0 0.4546875 0.81640625 0.09140625 0.09375
0 0.5296875 0.70078125 0.1609375 0.125
0 0.56640625 0.81953125 0.09140625 0.06953125
0 0.9578125 0.85078125 0.0796875 0.11796875
0 0.9515625 0.71484375 0.07421875 0.09140625